Section     D       B       t       C       R
12CS4x105	12.000	4.000	0.105	0.885	0.1875
12CS4x085	12.000	4.000	0.085	0.836	0.1875
12CS4x070	12.000	4.000	0.070	0.800	0.1875
12CS3.5x105	12.000	3.500	0.105	0.885	0.1875
12CS3.5x085	12.000	3.500	0.085	0.836	0.1875
12CS3.5x070	12.000	3.500	0.070	0.800	0.1875
12CS2.5x105	12.000	2.500	0.105	0.885	0.1875
12CS2.5x085	12.000	2.500	0.085	0.836	0.1875
12CS2.5x070	12.000	2.500	0.070	0.800	0.1875
10CS4x105	10.000	4.000	0.105	0.885	0.1875
10CS4x085	10.000	4.000	0.085	0.836	0.1875
10CS4x070	10.000	4.000	0.070	0.800	0.1875
10CS4x065	10.000	4.000	0.065	0.788	0.1875
10CS3.5x105	10.000	3.500	0.105	0.885	0.1875
10CS3.5x085	10.000	3.500	0.085	0.836	0.1875
10CS3.5x070	10.000	3.500	0.070	0.800	0.1875
10CS3.5x065	10.000	3.500	0.065	0.788	0.1875
10CS2.5x105	10.000	2.500	0.105	0.885	0.1875
10CS2.5x085	10.000	2.500	0.085	0.836	0.1875
10CS2.5x070	10.000	2.500	0.070	0.800	0.1875
10CS2.5x065	10.000	2.500	0.065	0.788	0.1875
10CS2x105	10.000	2.000	0.105	0.885	0.1875
10CS2x085	10.000	2.000	0.085	0.836	0.1875
10CS2x070	10.000	2.000	0.070	0.800	0.1875
10CS2x065	10.000	2.000	0.065	0.788	0.1875
9CS2.5x105	9.000	2.500	0.105	0.885	0.1875
9CS2.5x085	9.000	2.500	0.085	0.836	0.1875
9CS2.5x070	9.000	2.500	0.070	0.800	0.1875
9CS2.5x065	9.000	2.500	0.065	0.788	0.1875
9CS2.5x059	9.000	2.500	0.059	0.773	0.1875
8CS4x105	8.000	4.000	0.105	0.885	0.1875
8CS4x085	8.000	4.000	0.085	0.836	0.1875
8CS4x070	8.000	4.000	0.070	0.800	0.1875
8CS4x065	8.000	4.000	0.065	0.788	0.1875
8CS4x059	8.000	4.000	0.059	0.773	0.1875
8CS3.5x105	8.000	3.500	0.105	0.885	0.1875
8CS3.5x085	8.000	3.500	0.085	0.836	0.1875
8CS3.5x070	8.000	3.500	0.070	0.800	0.1875
8CS3.5x065	8.000	3.500	0.065	0.788	0.1875
8CS3.5x059	8.000	3.500	0.059	0.773	0.1875
8CS2.5x105	8.000	2.500	0.105	0.885	0.1875
8CS2.5x085	8.000	2.500	0.085	0.836	0.1875
8CS2.5x070	8.000	2.500	0.070	0.800	0.1875
8CS2.5x065	8.000	2.500	0.065	0.788	0.1875
8CS2.5x059	8.000	2.500	0.059	0.773	0.1875
8CS2x105	8.000	2.000	0.105	0.885	0.1875
8CS2x085	8.000	2.000	0.085	0.836	0.1875
8CS2x070	8.000	2.000	0.070	0.800	0.1875
8CS2x065	8.000	2.000	0.065	0.788	0.1875
8CS2x059	8.000	2.000	0.059	0.773	0.1875
7CS4x105	7.000	4.000	0.105	0.885	0.1875
7CS4x085	7.000	4.000	0.085	0.836	0.1875
7CS4x070	7.000	4.000	0.070	0.800	0.1875
7CS4x065	7.000	4.000	0.065	0.788	0.1875
7CS4x059	7.000	4.000	0.059	0.773	0.1875
7CS2.5x105	7.000	2.500	0.105	0.885	0.1875
7CS2.5x085	7.000	2.500	0.085	0.836	0.1875
7CS2.5x070	7.000	2.500	0.070	0.800	0.1875
7CS2.5x065	7.000	2.500	0.065	0.788	0.1875
7CS2.5x059	7.000	2.500	0.059	0.773	0.1875
6CS4x105	6.000	4.000	0.105	0.885	0.1875
6CS4x085	6.000	4.000	0.085	0.836	0.1875
6CS4x070	6.000	4.000	0.070	0.800	0.1875
6CS4x065	6.000	4.000	0.065	0.788	0.1875
6CS4x059	6.000	4.000	0.059	0.773	0.1875
6CS2.5x105	6.000	2.500	0.105	0.885	0.1875
6CS2.5x085	6.000	2.500	0.085	0.836	0.1875
6CS2.5x070	6.000	2.500	0.070	0.800	0.1875
6CS2.5x065	6.000	2.500	0.065	0.788	0.1875
6CS2.5x059	6.000	2.500	0.059	0.773	0.1875
4CS4x105	4.000	4.000	0.105	0.885	0.1875
4CS4x085	4.000	4.000	0.085	0.836	0.1875
4CS4x070	4.000	4.000	0.070	0.800	0.1875
4CS4x065	4.000	4.000	0.065	0.788	0.1875
4CS4x059	4.000	4.000	0.059	0.773	0.1875
4CS2.5x105	4.000	2.500	0.105	0.885	0.1875
4CS2.5x085	4.000	2.500	0.085	0.836	0.1875
4CS2.5x070	4.000	2.500	0.070	0.800	0.1875
4CS2.5x065	4.000	2.500	0.065	0.788	0.1875
4CS2.5x059	4.000	2.500	0.059	0.773	0.1875
4CS2x105	4.000	2.000	0.105	0.979	0.1875
4CS2x085	4.000	2.000	0.085	0.930	0.1875
4CS2x070	4.000	2.000	0.070	0.894	0.1875
4CS2x065	4.000	2.000	0.065	0.881	0.1875
4CS2x059	4.000	2.000	0.059	0.867	0.1875
1200S250-97	12.000	2.500	0.1017	0.625	0.1525
1200S250-68	12.000	2.500	0.0713	0.625	0.1069
1200S250-54	12.000	2.500	0.0566	0.625	0.0849
1200S200-97	12.000	2.000	0.1017	0.625	0.1525
1200S200-68	12.000	2.000	0.0713	0.625	0.1069
1200S200-54	12.000	2.000	0.0566	0.625	0.0849
1200S162-97	12.000	1.625	0.1017	0.500	0.1525
1200S162-68	12.000	1.625	0.0713	0.500	0.1069
1200S162-54	12.000	1.625	0.0566	0.500	0.0849
1000S250-97	10.000	2.500	0.1017	0.625	0.1525
1000S250-68	10.000	2.500	0.0713	0.625	0.1069
1000S250-54	10.000	2.500	0.0566	0.625	0.0849
1000S250-43	10.000	2.500	0.0451	0.625	0.0712
1000S200-97	10.000	2.000	0.1017	0.625	0.1525
1000S200-68	10.000	2.000	0.0713	0.625	0.1069
1000S200-54	10.000	2.000	0.0566	0.625	0.0849
1000S200-43	10.000	2.000	0.0451	0.625	0.0712
1000S162-97	10.000	1.625	0.1017	0.500	0.1525
1000S162-68	10.000	1.625	0.0713	0.500	0.1069
1000S162-54	10.000	1.625	0.0566	0.500	0.0849
1000S162-43	10.000	1.625	0.0451	0.500	0.0712
800S250-97	8.000	2.500	0.1017	0.625	0.1525
800S250-68	8.000	2.500	0.0713	0.625	0.1069
800S250-54	8.000	2.500	0.0566	0.625	0.0849
800S250-43	8.000	2.500	0.0451	0.625	0.0712
800S200-97	8.000	2.000	0.1017	0.625	0.1525
800S200-68	8.000	2.000	0.0713	0.625	0.1069
800S200-54	8.000	2.000	0.0566	0.625	0.0849
800S200-43	8.000	2.000	0.0451	0.625	0.0712
800S200-33	8.000	2.000	0.0346	0.625	0.0764
800S162-97	8.000	1.625	0.1017	0.500	0.1525
800S162-68	8.000	1.625	0.0713	0.500	0.1069
800S162-54	8.000	1.625	0.0566	0.500	0.0849
800S162-43	8.000	1.625	0.0451	0.500	0.0712
800S162-33	8.000	1.625	0.0346	0.500	0.0764
800S137-97	8.000	1.375	0.1017	0.375	0.1525
800S137-68	8.000	1.375	0.0713	0.375	0.1069
800S137-54	8.000	1.375	0.0566	0.375	0.0849
800S137-43	8.000	1.375	0.0451	0.375	0.0712
800S137-33	8.000	1.375	0.0346	0.375	0.0764
600S250-97	6.000	2.500	0.1017	0.625	0.1525
600S250-68	6.000	2.500	0.0713	0.625	0.1069
600S250-54	6.000	2.500	0.0566	0.625	0.0849
600S250-43	6.000	2.500	0.0451	0.625	0.0712
600S200-97	6.000	2.000	0.1017	0.625	0.1525
600S200-68	6.000	2.000	0.0713	0.625	0.1069
600S200-54	6.000	2.000	0.0566	0.625	0.0849
600S200-43	6.000	2.000	0.0451	0.625	0.0712
600S200-33	6.000	2.000	0.0346	0.625	0.0764
600S162-97	6.000	1.625	0.1017	0.500	0.1525
600S162-68	6.000	1.625	0.0713	0.500	0.1069
600S162-54	6.000	1.625	0.0566	0.500	0.0849
600S162-43	6.000	1.625	0.0451	0.500	0.0712
600S162-33	6.000	1.625	0.0346	0.500	0.0764
600S137-97	6.000	1.375	0.1017	0.375	0.1525
600S137-68	6.000	1.375	0.0713	0.375	0.1069
600S137-54	6.000	1.375	0.0566	0.375	0.0849
600S137-43	6.000	1.375	0.0451	0.375	0.0712
600S137-33	6.000	1.375	0.0346	0.375	0.0764
550S162-68	5.500	1.625	0.0713	0.500	0.1069
550S162-54	5.500	1.625	0.0566	0.500	0.0849
550S162-43	5.500	1.625	0.0451	0.500	0.0712
550S162-33	5.500	1.625	0.0346	0.500	0.0764
400S200-68	4.000	2.000	0.0713	0.625	0.1069
400S200-54	4.000	2.000	0.0566	0.625	0.0849
400S200-43	4.000	2.000	0.0451	0.625	0.0712
400S200-33	4.000	2.000	0.0346	0.625	0.0764
400S162-68	4.000	1.625	0.0713	0.500	0.1069
400S162-54	4.000	1.625	0.0566	0.500	0.0849
400S162-43	4.000	1.625	0.0451	0.500	0.0712
400S162-33	4.000	1.625	0.0346	0.500	0.0764
400S137-68	4.000	1.375	0.0713	0.375	0.1069
400S137-54	4.000	1.375	0.0566	0.375	0.0849
400S137-43	4.000	1.375	0.0451	0.375	0.0712
400S137-33	4.000	1.375	0.0346	0.375	0.0764
362S200-68	3.625	2.000	0.0713	0.625	0.1069
362S200-54	3.625	2.000	0.0566	0.625	0.0849
362S200-43	3.625	2.000	0.0451	0.625	0.0712
362S200-33	3.625	2.000	0.0346	0.625	0.0764
362S162-68	3.625	1.625	0.0713	0.500	0.1069
362S162-54	3.625	1.625	0.0566	0.500	0.0849
362S162-43	3.625	1.625	0.0451	0.500	0.0712
362S162-33	3.625	1.625	0.0346	0.500	0.0764
362S137-68	3.625	1.375	0.0713	0.375	0.1069
362S137-54	3.625	1.375	0.0566	0.375	0.0849
362S137-43	3.625	1.375	0.0451	0.375	0.0712
362S137-33	3.625	1.375	0.0346	0.375	0.0764
350S162-68	3.500	1.625	0.0713	0.500	0.1069
350S162-54	3.500	1.625	0.0566	0.500	0.0849
350S162-43	3.500	1.625	0.0451	0.500	0.0712
350S162-33	3.500	1.625	0.0346	0.500	0.0764
250S162-68	2.500	1.625	0.0713	0.500	0.1069
250S162-54	2.500	1.625	0.0566	0.500	0.0849
250S162-43	2.500	1.625	0.0451	0.500	0.0712
250S162-33	2.500	1.625	0.0346	0.500	0.0764
250S137-68	2.500	1.375	0.0713	0.375	0.1069
250S137-54	2.500	1.375	0.0566	0.375	0.0849
250S137-43	2.500	1.375	0.0451	0.375	0.0712
250S137-33	2.500	1.375	0.0346	0.375	0.0764
